label0=
myMagic=1
tracelevel=2
chartLabel=RSI grid
label1=
rsiPeriod=6
rsiDistance=16.00000000
label2=
lots=0.03000000
maxLots=3.00000000
tpPoints=450.00000000
martingaleFactor=3.00000000
martingaleMinDistance=100.00000000
increaseSizeEvery=1000.00000000
emergencyExitRatio=0.50000000
pyramide=1
abortInEmergency=0
