label0=
myMagic=1
tracelevel=0
backtest=1
chartLabel=RSI grid
label1=
rsiPeriod=6
rsiDistance=18.00000000
label2=
lots=0.01000000
maxPositions=4
tpPoints=450.00000000
martingaleFactor=3.50000000
martingaleMinDistance=450.00000000
increaseSizeEvery=1000.00000000
emergencyExitRatio=0.50000000
pyramide=0
abortInEmergency=0
